numerror(1)=0 0 0 -1
n(1,2)=1


minnumerror =

     0

numerror(1)=0 0 0 -1
n(1,3)=1


minnumerror =

     0     0

numerror(1)=0 0 0 1
n(1,4)=1


minnumerror =

     0     0     0

numerror(1)=0 0 0 1
n(1,5)=1


minnumerror =

     0     0     0     0

numerror(1)=3 0 3 1
numerror(2)=3 0 3 1
numerror(3)=3 0 3 1
numerror(4)=3 0 3 1
numerror(5)=3 0 3 1
numerror(6)=3 0 3 1
numerror(7)=3 0 3 1
numerror(8)=3 0 3 1
numerror(9)=3 0 3 1
numerror(10)=3 0 3 1
numerror(11)=3 0 3 1
numerror(12)=3 1 2 1
numerror(13)=4 2 2 1
numerror(14)=4 2 2 1
numerror(15)=4 2 2 1
numerror(16)=4 2 2 1
(p, q)=6, 3512
numerror(1)=4 2 2 1
numerror(2)=4 2 2 1
numerror(3)=4 2 2 1
numerror(4)=4 2 2 1
numerror(5)=4 2 2 1
numerror(6)=4 2 2 1
numerror(7)=4 2 2 1
numerror(8)=4 2 2 1
numerror(9)=4 2 2 1
numerror(10)=4 2 2 1
numerror(11)=4 2 2 1
numerror(12)=4 2 2 1
numerror(13)=4 2 2 1
numerror(14)=4 2 2 1
numerror(15)=4 2 2 1
numerror(16)=4 2 2 1
numerror(17)=4 2 2 1
numerror(18)=4 2 2 1
numerror(19)=4 2 2 1
numerror(20)=4 2 2 1
numerror(21)=4 2 2 1
numerror(22)=4 2 2 1
numerror(23)=4 2 2 1
numerror(24)=4 2 2 1
numerror(25)=4 2 2 1
numerror(26)=4 2 2 1
numerror(27)=4 2 2 1
numerror(28)=4 2 2 1
numerror(29)=4 2 2 1
numerror(30)=4 2 2 1
numerror(31)=4 2 2 1
numerror(32)=4 2 2 1
numerror(33)=4 2 2 1
numerror(34)=4 2 2 1
numerror(35)=4 2 2 1
numerror(36)=4 2 2 1
numerror(37)=4 2 2 1
numerror(38)=4 2 2 1
numerror(39)=4 2 2 1
numerror(40)=4 2 2 1
numerror(41)=4 2 2 1
numerror(42)=4 2 2 1
numerror(43)=4 2 2 1
numerror(44)=4 2 2 1
numerror(45)=4 2 2 1
numerror(46)=4 2 2 1
numerror(47)=4 2 2 1
numerror(48)=4 2 2 1
numerror(49)=4 2 2 1
numerror(50)=4 2 2 1
numerror(51)=4 2 2 1
numerror(52)=4 2 2 1
numerror(53)=4 2 2 1
numerror(54)=4 2 2 1
numerror(55)=4 2 2 1
numerror(56)=4 2 2 1
numerror(57)=4 2 2 1
numerror(58)=4 2 2 1
numerror(59)=4 2 2 1
numerror(60)=4 2 2 1
numerror(61)=4 2 2 1
numerror(62)=4 2 2 1
numerror(63)=4 2 2 1
numerror(64)=4 2 2 1
numerror(65)=4 2 2 1
numerror(66)=4 2 2 1
numerror(67)=4 2 2 1
numerror(68)=4 2 2 1
numerror(69)=4 2 2 1
numerror(70)=4 2 2 1
numerror(71)=4 2 2 1
numerror(72)=4 2 2 1
numerror(73)=4 2 2 1
numerror(74)=4 2 2 1
numerror(75)=4 2 2 1
numerror(76)=4 2 2 1
numerror(77)=4 2 2 1
numerror(78)=4 2 2 1
numerror(79)=4 2 2 1
numerror(80)=4 2 2 1
numerror(81)=4 2 2 1
numerror(82)=4 2 2 1
numerror(83)=4 2 2 1
numerror(84)=4 2 2 1
numerror(85)=4 2 2 1
numerror(86)=4 2 2 1
numerror(87)=4 2 2 1
numerror(88)=4 2 2 1
numerror(89)=4 2 2 1
numerror(90)=4 2 2 1
numerror(91)=4 2 2 1
numerror(92)=4 2 2 1
numerror(93)=4 2 2 1
numerror(94)=4 2 2 1
numerror(95)=4 2 2 1
numerror(96)=4 2 2 1
numerror(97)=4 2 2 1
numerror(98)=4 2 2 1
numerror(99)=4 2 2 1
numerror(100)=4 2 2 1
numerror(101)=4 2 2 1
numerror(102)=4 2 2 1
numerror(103)=4 2 2 1
numerror(104)=4 2 2 1
numerror(105)=4 2 2 1
numerror(106)=4 2 2 1
numerror(107)=4 2 2 1
numerror(108)=4 2 2 1
numerror(109)=4 2 2 1
numerror(110)=4 2 2 1
numerror(111)=4 2 2 1
numerror(112)=4 2 2 1
numerror(113)=4 2 2 1
numerror(114)=4 2 2 1
numerror(115)=4 2 2 1
numerror(116)=4 2 2 1
numerror(117)=4 2 2 1
numerror(118)=4 2 2 1
numerror(119)=4 2 2 1
numerror(120)=4 2 2 1
numerror(121)=4 2 2 1
numerror(122)=4 2 2 1
numerror(123)=4 2 2 1
numerror(124)=4 2 2 1
numerror(125)=4 2 2 1
numerror(126)=4 2 2 1
numerror(127)=4 2 2 1
numerror(128)=4 2 2 1
numerror(129)=4 2 2 1
numerror(130)=4 2 2 1
numerror(131)=4 2 2 1
numerror(132)=4 2 2 1
numerror(133)=4 2 2 1
numerror(134)=4 2 2 1
numerror(135)=4 2 2 1
numerror(136)=4 2 2 1
numerror(137)=4 2 2 1
numerror(138)=4 2 2 1
numerror(139)=4 2 2 1
numerror(140)=4 2 2 1
numerror(141)=5 2 3 1
numerror(142)=5 2 3 1
numerror(143)=5 2 3 1
numerror(144)=5 2 3 1
(p, q)=6, 1637
numerror(1)=4 2 2 1
numerror(2)=4 2 2 1
numerror(3)=4 2 2 1
numerror(4)=4 2 2 1
numerror(5)=4 2 2 1
numerror(6)=4 2 2 1
numerror(7)=4 2 2 1
numerror(8)=4 2 2 1
numerror(9)=4 2 2 1
numerror(10)=4 2 2 1
numerror(11)=3 1 2 1
numerror(12)=5 2 3 1
numerror(13)=5 2 3 1
numerror(14)=5 2 3 1
numerror(15)=5 2 3 1
(p, q)=6, 656
numerror(1)=5 2 3 1
numerror(2)=5 2 3 1
numerror(3)=5 2 3 1
numerror(4)=5 2 3 1
numerror(5)=4 1 3 1
numerror(6)=5 2 3 1
numerror(7)=4 1 3 1
numerror(8)=4 1 3 1
numerror(9)=4 1 3 1
numerror(10)=4 1 3 1
numerror(11)=4 1 3 1
numerror(12)=5 1 4 1
numerror(13)=5 1 4 1
numerror(14)=5 1 4 1
numerror(15)=5 1 4 1
(p, q)=6, 277
numerror(1)=5 2 3 1
numerror(2)=4 1 3 1
numerror(3)=4 1 3 1
numerror(4)=4 1 3 1
numerror(5)=4 1 3 1
numerror(6)=4 1 3 1
numerror(7)=5 1 4 1
numerror(8)=5 1 4 1
numerror(9)=5 1 4 1
numerror(10)=5 1 4 1
(p, q)=6, 111
numerror(1)=35 1 34 -1
numerror(2)=21 1 20 -1
numerror(3)=20 1 19 -1
numerror(4)=16 1 15 -1
numerror(5)=13 1 12 -1
numerror(6)=12 1 11 -1
numerror(7)=15 1 14 -1
numerror(8)=12 1 11 -1
numerror(9)=12 1 11 -1
numerror(10)=13 1 12 -1
numerror(11)=13 1 12 -1
numerror(12)=14 2 12 -1
numerror(13)=13 1 12 -1
n(1,6)=13


